Depth: 0.037367 +- 0.000874
R_planet / R_star: 0.193305 +- 0.002262
preTransit: 1.000000 +- 0.000418
inTransit: 0.962633 +- 0.000768
afterTransit: 0.976412 +- 0.001467
