Depth: 0.037744 +- 0.000109
R_planet / R_star: 0.194279 +- 0.000281
preTransit: 1.010103 +- 0.000070
inTransit: 0.972359 +- 0.000084
afterTransit: 0.986277 +- 0.000136
